Сложность: 25

0 7 6 |0 1 2 |3 0 0 
0 0 0 |6 0 0 |0 2 0 
0 0 0 |0 4 5 |0 0 7 
--------------------
7 6 0 |8 0 0 |0 0 0 
0 0 0 |0 0 0 |5 0 0 
0 0 0 |0 0 7 |0 1 9 
--------------------
0 8 7 |0 0 0 |0 6 0 
0 0 0 |4 5 6 |0 0 8 
0 0 0 |0 0 0 |0 3 0 

********************
Сложность: 33

4 1 0 |9 0 0 |0 5 0 
0 0 6 |0 0 0 |0 0 1 
0 0 0 |7 0 1 |6 0 0 
--------------------
0 0 4 |6 3 9 |5 2 8 
0 0 0 |0 0 8 |0 0 0 
8 0 0 |0 1 0 |3 9 6 
--------------------
0 2 8 |0 0 0 |9 0 0 
0 3 0 |2 0 0 |1 0 4 
0 0 0 |3 9 0 |2 0 5 

********************
Сложность: 30

0 0 2 |6 0 3 |1 0 0 
0 1 0 |8 2 5 |3 9 0 
0 0 0 |0 0 4 |0 8 0 
--------------------
8 2 0 |9 0 6 |0 0 0 
1 0 7 |2 0 8 |0 0 0 
9 0 0 |0 0 0 |0 0 0 
--------------------
0 0 0 |0 0 0 |7 0 1 
0 6 0 |4 0 1 |0 0 2 
0 0 1 |0 8 0 |9 0 0 

********************
Сложность: 33

3 0 5 |0 0 0 |0 0 0 
0 1 0 |6 8 0 |0 4 0 
6 0 0 |0 0 0 |9 1 0 
--------------------
0 2 3 |7 0 0 |4 5 6 
7 0 9 |0 0 0 |0 0 3 
4 5 6 |0 0 2 |0 0 9 
--------------------
0 0 4 |8 1 0 |5 0 0 
5 0 0 |0 0 0 |8 9 1 
0 0 0 |0 0 6 |2 0 0 

********************
Сложность: 30

3 0 0 |0 0 8 |0 7 0 
0 0 1 |0 0 0 |5 0 2 
0 5 0 |0 4 0 |3 0 0 
--------------------
8 2 0 |7 1 0 |0 0 6 
0 0 6 |0 0 0 |1 0 7 
1 4 0 |0 3 0 |2 0 8 
--------------------
0 8 2 |0 0 0 |0 0 0 
7 0 0 |6 0 0 |0 0 0 
0 9 0 |0 8 2 |0 1 0 

********************
Сложность: 8

0 0 |1 4 
1 4 |3 0 
---------
0 3 |0 0 
2 0 |4 0 

*********
Сложность: 8

1 0 |0 3 
3 4 |2 1 
---------
0 0 |0 0 
0 1 |0 2 

*********
Сложность: 5

0 3 |2 0 
0 0 |0 0 
---------
0 1 |0 0 
0 2 |1 0 

*********
Сложность: 6

1 0 |4 0 
2 0 |0 0 
---------
0 1 |0 4 
0 0 |3 0 

*********

